 radius= 1.0000E+01 lambda= 5.3200E-01 x= 1.5708E+02

Qext= 1.9396E+00 Qsca= 1.9396E+00 Qabs= 0.0000E+00 <cos>= 9.5606E-01
                 Qbk = 4.1028E-02
  theta       S11           POL           S33           S34
   0.00   1.43244E+08  -0.00000E+00   1.43244E+08   0.00000E+00
   0.50   8.23251E+07  -2.63152E-04   8.23250E+07   8.29877E+04
   1.01   8.60701E+06  -1.37539E-03   8.60675E+06   6.66912E+04
   1.51   2.80004E+06   6.04465E-03   2.79988E+06  -2.45256E+04
   2.01   4.92690E+06  -4.11821E-04   4.92689E+06   9.52844E+03
   2.51   4.87417E+05  -2.13728E-02   4.87277E+05   5.23698E+03
   3.02   8.11360E+05  -1.29859E-03   8.11343E+05  -5.12788E+03
   3.52   7.80918E+05   1.12773E-02   7.80850E+05   5.32528E+03
   4.02   4.97439E+05   1.28171E-02   4.97391E+05   2.68398E+03
   4.53   1.95866E+05  -1.44859E-02   1.95832E+05  -2.25010E+03
   5.03   8.94297E+05   4.68800E-03   8.94217E+05  -1.11996E+04
   5.53   8.34367E+05  -3.37344E-04   8.34362E+05   2.83859E+03
   6.03   2.99498E+05  -2.73223E-02   2.99384E+05  -1.12540E+03
   6.54   5.76848E+05  -1.89651E-03   5.76830E+05  -4.39978E+03
   7.04   3.95401E+05   2.90950E-03   3.95339E+05   6.91458E+03
   7.54   1.35564E+05  -2.78429E-02   1.35504E+05   1.39375E+03
   8.04   3.36881E+05   1.01270E-02   3.36859E+05  -1.75427E+03
   8.55   2.79078E+05   1.35176E-02   2.79027E+05   3.77794E+03
   9.05   1.56779E+05  -1.63312E-02   1.56746E+05  -1.89042E+03
   9.55   3.55867E+05   1.31055E-02   3.55804E+05  -4.79573E+03
  10.06   2.15204E+05  -6.41069E-03   2.15189E+05   2.16912E+03
  10.56   2.09319E+05  -1.40033E-02   2.09196E+05  -6.55236E+03
  11.06   2.92353E+05   4.85169E-03   2.92346E+05  -1.34970E+03
  11.56   1.27644E+05  -4.47768E-02   1.27515E+05   2.69867E+02
  12.07   2.15833E+05  -6.35239E-03   2.15760E+05  -5.44230E+03
  12.57   1.55800E+05  -1.33271E-02   1.55744E+05   3.61309E+03
  13.07   1.02160E+05  -4.79717E-02   1.02005E+05  -2.76583E+03
  13.58   1.63484E+05   3.09176E-03   1.63482E+05   6.58508E+02
  14.08   6.71170E+04  -5.72538E-02   6.69566E+04   2.59773E+03
  14.58   1.10103E+05  -7.76899E-03   1.10077E+05  -2.26310E+03
  15.08   8.84465E+04   9.01984E-04   8.83540E+04   4.04412E+03
  15.59   5.42738E+04  -5.19316E-02   5.41896E+04  -1.09188E+03
  16.09   9.74247E+04   2.26647E-02   9.73930E+04   1.13415E+03
  16.59   4.00983E+04  -5.31713E-02   3.99963E+04   1.90495E+03
  17.09   7.29632E+04   1.38647E-02   7.29331E+04  -1.83639E+03
  17.60   5.55877E+04   8.56228E-03   5.55169E+04   2.76254E+03
  18.10   4.12276E+04  -2.98198E-02   4.11653E+04  -1.90329E+03
  18.60   6.67313E+04   3.40744E-02   6.66883E+04   7.55453E+02
  19.11   2.77483E+04  -7.22647E-02   2.76756E+04   6.93359E+01
  19.61   5.74674E+04   3.19518E-02   5.74080E+04  -1.85835E+03
  20.11   3.38150E+04  -2.67169E-02   3.37690E+04   1.51343E+03
  20.61   3.71550E+04  -1.94792E-03   3.70511E+04  -2.77655E+03
  21.12   4.36018E+04   1.69296E-02   4.35840E+04   1.00633E+03
  21.62   2.18609E+04  -7.88242E-02   2.17327E+04  -1.61866E+03
  22.12   4.36460E+04   3.16592E-02   4.36161E+04  -8.36932E+02
  22.63   1.93185E+04  -1.02470E-01   1.92158E+04   1.97100E+02
  23.13   3.31482E+04   1.87141E-02   3.30610E+04  -2.32115E+03
  23.63   2.46614E+04  -4.26084E-02   2.46162E+04   1.05812E+03
  24.13   2.00649E+04  -3.84232E-02   1.99136E+04  -2.33513E+03
  24.64   2.88648E+04   1.43043E-03   2.88608E+04   4.76375E+02
  25.14   1.25976E+04  -1.39294E-01   1.24252E+04  -1.11096E+03
  25.64   2.64448E+04   1.71432E-02   2.64289E+04  -7.98398E+02
  26.15   1.24693E+04  -1.44969E-01   1.23344E+04   2.80281E+02
  26.65   1.88203E+04   1.37257E-03   1.87451E+04  -1.67965E+03
  27.15   1.60604E+04  -7.06635E-02   1.59958E+04   8.84614E+02
  27.65   1.09404E+04  -7.33078E-02   1.08000E+04  -1.55199E+03
  28.16   1.79426E+04  -1.96004E-02   1.79329E+04   4.72392E+02
  28.66   7.05844E+03  -1.95707E-01   6.89242E+03  -6.38654E+02
  29.16   1.58104E+04   2.32336E-04   1.58050E+04  -4.14627E+02
  29.66   7.63859E+03  -1.80760E-01   7.50532E+03   3.34357E+02
  30.17   1.06672E+04  -1.72629E-02   1.06190E+04  -9.96782E+02
  30.67   1.00562E+04  -9.26151E-02   9.98825E+03   7.03033E+02
  31.17   5.91024E+03  -1.04311E-01   5.81087E+03  -8.85768E+02
  31.68   1.11578E+04  -3.83095E-02   1.11425E+04   3.96994E+02
  32.18   3.78828E+03  -2.39761E-01   3.66759E+03  -2.73595E+02
  32.68   9.55260E+03  -1.94190E-02   9.54869E+03  -2.00711E+02
  33.18   4.53740E+03  -1.93354E-01   4.43981E+03   3.26185E+02
  33.69   6.17533E+03  -4.07803E-02   6.14390E+03  -5.68976E+02
  34.19   6.25987E+03  -9.51767E-02   6.21074E+03   5.07657E+02
  34.69   3.14640E+03  -1.43058E-01   3.07806E+03  -4.71984E+02
  35.20   7.05220E+03  -4.20949E-02   7.04205E+03   2.34370E+02
  35.70   1.95066E+03  -2.85132E-01   1.86917E+03  -4.36066E+01
  36.20   5.91462E+03  -3.03994E-02   5.90856E+03  -1.98288E+02
  36.70   2.63166E+03  -1.74225E-01   2.57107E+03   3.24055E+02
  37.21   3.67180E+03  -6.81771E-02   3.63954E+03  -4.16171E+02
  37.71   3.92732E+03  -6.09354E-02   3.90354E+03   3.59194E+02
  38.21   1.66781E+03  -2.14328E-01   1.60600E+03  -2.73104E+02
  38.72   4.47312E+03  -1.67114E-02   4.47194E+03   7.05004E+01
  39.22   9.95622E+02  -3.52176E-01   9.28882E+02   7.41406E+01
  39.72   3.68389E+03  -1.90475E-02   3.67391E+03  -2.61735E+02
  40.22   1.55115E+03  -1.26296E-01   1.50610E+03   3.15242E+02
  40.73   2.17357E+03  -8.32016E-02   2.13305E+03  -3.76586E+02
  41.23   2.49107E+03   2.22347E-03   2.47582E+03   2.75231E+02
  41.73   8.76147E+02  -3.13771E-01   8.08069E+02  -1.97695E+02
  42.23   2.81262E+03   4.02123E-02   2.81034E+03  -1.43021E+00
  42.74   5.36635E+02  -4.49923E-01   4.66694E+02   1.08988E+02
  43.24   2.24121E+03   3.04357E-02   2.22339E+03  -2.73630E+02
  43.74   1.00553E+03  -7.29423E-02   9.57754E+02   2.97367E+02
  44.25   1.20428E+03  -6.11319E-02   1.15458E+03  -3.34402E+02
  44.75   1.66537E+03   7.24906E-02   1.64457E+03   2.33013E+02
  45.25   4.12476E+02  -4.47214E-01   3.39869E+02  -1.43521E+02
  45.75   1.79881E+03   1.13785E-01   1.78706E+03  -1.56012E+01
  46.26   3.27853E+02  -4.85405E-01   2.59017E+02   1.22766E+02
  46.76   1.32331E+03   1.06343E-01   1.29562E+03  -2.29558E+02
  47.26   7.67336E+02  -1.21105E-02   7.22746E+02   2.57599E+02
  47.77   5.90920E+02  -4.63801E-03   5.38414E+02  -2.43493E+02
  48.27   1.22472E+03   1.21860E-01   1.20343E+03   1.71497E+02
  48.77   1.49917E+02  -6.80502E-01   8.69927E+01  -6.70787E+01
  49.27   1.21879E+03   1.64294E-01   1.20168E+03  -3.63476E+01
  49.78   2.38842E+02  -3.17349E-01   1.87837E+02   1.26561E+02
  50.28   7.97358E+02   1.65538E-01   7.65269E+02  -1.80892E+02
  50.78   6.42829E+02   7.03557E-02   6.14469E+02   1.83337E+02
  51.28   2.74619E+02   5.76044E-02   2.26544E+02  -1.54411E+02
  51.79   9.46228E+02   1.65160E-01   9.30642E+02   6.94861E+01
  52.29   4.66096E+01  -9.88903E-01  -6.61451E-01  -6.89291E+00
  52.79   8.54856E+02   1.97366E-01   8.32404E+02  -9.70341E+01
  53.30   1.99673E+02  -1.36442E-02   1.67830E+02   1.08143E+02
  53.80   4.93769E+02   1.86240E-01   4.53571E+02  -1.72118E+02
  54.30   5.10392E+02   1.95055E-01   4.92292E+02   9.07565E+01
  54.80   1.34037E+02   6.46557E-03   8.44479E+01  -1.04085E+02
  55.31   6.63148E+02   2.47795E-01   6.41319E+02  -3.83822E+01
  55.81   3.39931E+01  -6.70181E-01  -6.48994E+00   2.43806E+01
  56.31   5.16326E+02   2.52035E-01   4.76199E+02  -1.51303E+02
  56.82   1.72945E+02   2.18448E-01   1.47942E+02   8.12144E+01
  57.32   2.44078E+02   1.51539E-01   1.88352E+02  -1.50763E+02
  57.82   3.42457E+02   3.41671E-01   3.20949E+02   2.40381E+01
  58.32   5.65436E+01  -5.66072E-01   4.16557E+00  -4.64255E+01
  58.83   3.53783E+02   3.79495E-01   3.17618E+02  -7.90904E+01
  59.33   7.24895E+01  -3.10551E-01   4.03188E+01   5.58779E+01
  59.83   1.97408E+02   3.39089E-01   1.45064E+02  -1.15955E+02
  60.34   1.87710E+02   2.38046E-01   1.70936E+02   6.33975E+01
  60.84   6.00856E+01  -2.82926E-01   8.95523E+00  -5.69306E+01
  61.34   2.34883E+02   4.08689E-01   2.14342E+02  -3.58293E+00
  61.84   6.09446E+01  -6.90157E-01   3.02738E+01   3.20716E+01
  62.35   1.59938E+02   5.22488E-01   1.23933E+02  -5.68992E+01
  62.85   1.86242E+02   3.79000E-02   1.76524E+02   5.89510E+01
  63.35   4.16246E+01   5.76367E-01   1.48617E+00  -3.39828E+01
  63.85   2.83505E+02   2.67955E-01   2.73137E+02   6.35269E-01
  64.36   3.01181E+01  -3.75161E-01   5.44358E+00   2.73824E+01
  64.86   2.43860E+02   3.98849E-01   2.13174E+02  -6.75603E+01
  65.36   1.44105E+02   1.34276E-01   1.36470E+02   4.20451E+01
  65.87   1.21154E+02   5.32063E-01   7.39192E+01  -7.11260E+01
  66.37   2.86072E+02   3.05949E-01   2.71273E+02  -2.42371E+01
  66.87   2.93919E+01   8.29901E-01  -1.17139E+01  -1.14753E+01
  67.37   3.21748E+02   3.85110E-01   2.72473E+02  -1.18012E+02
  67.88   5.68276E+01   5.30073E-01   3.45973E+01   3.35414E+01
  68.38   2.13965E+02   4.04878E-01   1.33089E+02  -1.43400E+02
  68.88   1.56492E+02   5.08423E-01   1.34750E+02  -1.23986E+00
  69.39   7.91506E+01   1.96485E-01   2.43629E+00  -7.75694E+01
  69.89   2.16361E+02   5.20925E-01   1.63794E+02  -8.53255E+01
  70.39   2.52833E+01  -5.84124E-01  -1.72324E+01   1.11435E+01
  70.89   1.80031E+02   4.40457E-01   9.25268E+01  -1.32523E+02
  71.40   7.08804E+01   3.15723E-01   5.52702E+01   3.83202E+01
  71.90   8.68901E+01  -6.46180E-02   2.22177E+00  -8.66801E+01
  72.40   1.32142E+02   5.94234E-01   1.05405E+02  -1.36143E+01
  72.91   6.21532E+01  -9.21987E-01   2.40669E+01  -8.47759E-02
  73.41   1.10114E+02   6.42996E-01   5.47019E+01  -6.41853E+01
  73.91   1.48280E+02  -6.76708E-02   1.46547E+02   2.02503E+01
  74.41   4.55599E+01  -5.94207E-02  -7.26904E+00  -4.48948E+01
  74.92   2.38781E+02   3.31133E-01   2.19787E+02  -4.95778E+01
  75.42   6.36673E+01  -6.44697E-01   4.80178E+01   7.93900E+00
  75.92   2.16929E+02   4.34896E-01   1.53620E+02  -1.20660E+02
  76.42   2.29574E+02   1.55321E-01   2.26130E+02  -1.72533E+01
  76.93   8.82323E+01   9.80949E-02   2.33039E+01  -8.46579E+01
  77.43   4.17260E+02   3.65989E-01   3.53617E+02  -1.60435E+02
  77.93   5.49415E+01  -6.70503E-01   3.73877E+01   1.62376E+01
  78.44   3.97674E+02   3.12580E-01   2.64382E+02  -2.69806E+02
  78.94   2.43696E+02   3.27395E-01   2.30238E+02  -3.53932E+00
  79.44   2.24814E+02  -1.90321E-01   1.17474E+02  -1.86843E+02
  79.94   4.48766E+02   4.50778E-01   3.54781E+02  -1.86009E+02
  80.45   1.94487E+02  -4.40886E-01   1.73750E+02  -1.68417E+01
  80.95   4.48167E+02   2.36207E-01   2.99578E+02  -3.16071E+02
  81.45   3.92805E+02   2.42521E-01   3.80521E+02  -2.05891E+01
  81.96   3.62474E+02  -2.39580E-01   2.78871E+02  -2.14655E+02
  82.46   5.46776E+02   3.89830E-01   4.53924E+02  -2.17909E+02
  82.96   5.28035E+02  -3.72516E-02   5.21900E+02  -7.78083E+01
  83.46   4.49346E+02   9.25502E-02   3.48270E+02  -2.80874E+02
  83.97   8.59778E+02   2.92655E-01   7.93752E+02  -2.14160E+02
  84.47   4.94176E+02  -1.09765E-01   4.77946E+02  -1.13295E+02
  84.97   8.32128E+02   2.54360E-01   6.91516E+02  -4.11633E+02
  85.47   9.71175E+02   2.72451E-01   9.25019E+02  -1.32321E+02
  85.98   5.88543E+02  -1.19832E-01   5.26816E+02  -2.52733E+02
  86.48   1.29440E+03   3.66665E-01   1.11427E+03  -4.56759E+02
  86.98   7.94701E+02   9.68659E-02   7.90928E+02   7.53226E+00
  87.49   1.07224E+03   1.39283E-01   9.19071E+02  -5.31704E+02
  87.99   1.30155E+03   4.02521E-01   1.17996E+03  -1.65087E+02
  88.49   8.96142E+02  -6.18255E-02   8.81594E+02  -1.50974E+02
  88.99   1.36760E+03   3.35553E-01   1.19543E+03  -4.80297E+02
  89.50   1.21359E+03   2.78180E-01   1.16539E+03   2.60029E+01
  90.00   1.09721E+03   7.51049E-02   1.05703E+03  -2.82424E+02
  90.50   1.37706E+03   3.84452E-01   1.24804E+03  -2.41670E+02
  91.01   1.24817E+03   2.31343E-01   1.21272E+03   6.20122E+01
  91.51   1.05010E+03   1.49169E-01   1.01713E+03  -2.08825E+02
  92.01   1.41830E+03   4.17947E-01   1.28526E+03  -9.10690E+01
  92.51   1.08418E+03   2.06604E-01   1.04282E+03   1.94403E+02
  93.02   9.57830E+02   2.12175E-01   9.16544E+02  -1.89961E+02
  93.52   1.34178E+03   4.75742E-01   1.16839E+03   1.66601E+02
  94.02   7.06910E+02   3.21291E-02   6.75852E+02   2.05984E+02
  94.53   9.26908E+02   3.73936E-01   8.55199E+02  -8.75125E+01
  95.03   9.10684E+02   4.37660E-01   7.34334E+02   3.62272E+02
  95.53   4.39911E+02  -1.24196E-01   4.24793E+02   1.00438E+02
  96.03   6.95037E+02   4.43278E-01   6.13672E+02   1.07524E+02
  96.54   4.15531E+02   2.36215E-01   2.70093E+02   3.00135E+02
  97.04   2.98351E+02  -2.03870E-01   2.80713E+02   8.07078E+01
  97.54   2.80816E+02   3.76515E-01   2.19399E+02   1.39796E+02
  98.04   2.06102E+02  -2.99756E-01   6.69436E+01   1.84878E+02
  98.55   1.02268E+02  -7.45424E-01   6.36668E+01   2.43673E+01
  99.05   1.07278E+02  -2.72273E-01   6.57842E+01   7.95484E+01
  99.55   1.15509E+02  -7.83047E-01  -5.24224E+01   4.91245E+01
 100.06   1.03510E+02   1.02392E-01   4.38347E+01  -9.31694E+01
 100.56   1.03035E+02  -6.91370E-01   6.95255E+01   2.66076E+01
 101.06   1.57477E+02   2.05913E-01  -2.92314E+01  -1.51304E+02
 101.56   2.89813E+02   4.58276E-01   2.13982E+02  -1.43402E+02
 102.07   8.11928E+01  -4.12129E-01   5.97381E+01  -4.36341E+01
 102.57   3.86463E+02   4.39936E-01   2.19412E+02  -2.68897E+02
 103.07   2.85919E+02   6.94927E-01   1.90046E+02  -7.84429E+01
 103.58   2.35602E+02   1.30230E-01   2.29492E+02  -4.35920E+01
 104.08   3.55198E+02   5.12627E-01   2.36564E+02  -1.92481E+02
 104.58   3.21833E+02   7.43683E-01   2.00205E+02   7.88037E+01
 105.08   2.83176E+02   1.74373E-01   2.74396E+02   4.95721E+01
 105.59   1.75686E+02   7.29119E-01   1.16862E+02  -2.82883E+01
 106.09   4.00599E+02   6.09949E-01   2.59829E+02   1.82385E+02
 106.59   8.86781E+01   1.36617E-01   3.87927E+01   7.88173E+01
 107.09   1.70983E+02   3.33144E-01   1.59545E+02   2.31504E+01
 107.60   1.84441E+02   7.16563E-01   4.79963E+01   1.19363E+02
 108.10   8.08158E+01  -7.53055E-01  -4.17051E+01  -3.29861E+01
 108.60   6.53264E+01  -2.17267E-01   6.32375E+01  -8.19251E+00
 109.11   5.43716E+01  -5.36194E-01  -4.08082E+01  -2.10004E+01
 109.61   1.26285E+02  -5.09624E-01  -4.34557E+01  -9.95873E+01
 110.11   6.00389E+01   8.81951E-01   1.42397E+01  -2.44551E+01
 110.61   1.28195E+02  -3.10333E-01   9.54015E+01  -7.58280E+01
 111.12   1.04890E+02   6.45648E-01  -4.24452E+01  -6.79272E+01
 111.62   3.22410E+02   7.88161E-01   1.83631E+02  -7.52030E+01
 112.12   6.96876E+01   5.25829E-01   5.81854E+01  -1.13160E+01
 112.63   2.08716E+02   6.66524E-01   1.28389E+02  -8.78972E+01
 113.13   2.87028E+02   9.09781E-01   1.03633E+02  -5.87801E+01
 113.63   6.91335E+01  -2.05547E-01   1.01055E+01   6.68984E+01
 114.13   1.42530E+02   1.88036E-01   1.33238E+02  -4.29436E+01
 114.64   6.50440E+01   6.52955E-01  -2.89496E+01   3.98607E+01
 115.14   1.28283E+02  -5.84164E-01   1.87423E+01   1.02418E+02
 115.64   2.12822E+01   4.74243E-02  -2.01885E+01   6.65863E+00
 116.15   7.99776E+01  -4.78192E-01   6.93433E+01  -1.11922E+01
 116.65   5.77640E+01  -6.96248E-02  -4.81881E+01   3.15975E+01
 117.15   2.25269E+02   5.65963E-01   7.75076E+00  -1.85557E+02
 117.65   9.04006E+01   4.79078E-01   2.69906E+01  -7.46198E+01
 118.16   9.42230E+01   2.73849E-01   4.75784E+01  -7.71264E+01
 118.66   2.48793E+02   4.98697E-01   2.61507E+01  -2.14057E+02
 119.16   1.03297E+02   8.35849E-01  -7.95743E+00   5.61447E+01
 119.66   1.50150E+02   1.11677E-01   1.48197E+02   1.73689E+01
 120.17   2.39545E+01   9.47404E-01   3.34431E+00  -6.89846E+00
 120.67   1.67301E+02   3.96980E-01   1.12743E+02   1.04248E+02
 121.17   8.25598E+01   4.98180E-01  -2.97488E+01   6.51113E+01
 121.68   1.15995E+02  -2.94518E-01   2.43625E+01  -1.08140E+02
 122.18   4.13208E+01  -7.66630E-02   4.03015E+01   8.55350E+00
 122.68   1.40870E+02  -1.31103E-01  -4.55017E+01  -1.32034E+02
 123.18   1.98577E+02  -5.53604E-02  -5.19608E+01  -1.91343E+02
 123.69   7.36867E+01   9.33067E-01   2.64960E+01  -7.04191E-01
 124.19   1.62171E+02   8.78868E-02   1.22523E+02  -1.05283E+02
 124.69   6.58898E+01   8.75121E-01  -1.14281E+01  -2.97660E+01
 125.20   2.46564E+02   7.95724E-01   1.48608E+02   1.47076E+01
 125.70   7.10971E+01   6.65635E-01  -7.35981E+00   5.25452E+01
 126.20   1.19800E+02  -4.94126E-01   8.36870E+01  -6.20023E+01
 126.70   6.34107E+01   5.77497E-01   4.95267E+01   1.50679E+01
 127.21   1.33789E+02  -8.24626E-01  -4.03580E+01  -6.40227E+01
 127.71   1.59406E+02  -6.47443E-01  -3.76324E+01  -1.15510E+02
 128.21   9.80360E+01   7.09091E-01   2.35636E+01  -6.49868E+01
 128.72   1.70714E+02   7.32013E-02   1.21891E+02  -1.18868E+02
 129.22   7.52244E+01   5.13717E-01   2.45489E+00  -6.44928E+01
 129.72   3.03069E+02   7.92702E-01   1.29945E+02  -1.31333E+02
 130.22   1.08820E+02   7.86846E-01   2.65186E-01   6.71575E+01
 130.73   1.50795E+02  -6.82177E-01   1.07142E+02  -2.60329E+01
 131.23   6.53558E+01   2.66947E-01   6.12906E+01  -1.45073E+01
 131.73   1.27948E+02  -8.84411E-01   5.79395E+01   1.44507E+01
 132.23   1.53314E+02  -9.35266E-01  -9.57884E+00  -5.34125E+01
 132.74   2.01927E+02   4.08506E-01  -1.39225E-01  -1.84310E+02
 133.24   2.38031E+02   4.94180E-01   1.38109E+02  -1.54103E+02
 133.74   7.64410E+01   4.54796E-02   6.18159E+01  -4.48323E+01
 134.25   3.19099E+02   5.23158E-01   1.63024E+02  -2.17667E+02
 134.75   1.54948E+02   9.04117E-01   2.78741E+01   6.00532E+01
 135.25   2.09864E+02  -5.77613E-01   1.45340E+02   9.06915E+01
 135.75   1.06774E+02  -7.96501E-01   5.95522E+01  -2.49297E+01
 136.26   1.79708E+02  -1.77838E-01   1.43047E+02  -1.03977E+02
 136.76   1.48904E+02  -5.51300E-01   1.14740E+02  -4.76259E+01
 137.26   2.54195E+02  -1.44734E-02   4.39775E+01  -2.50335E+02
 137.77   3.86747E+02   5.66047E-01   1.11845E+02  -2.98562E+02
 138.27   1.75234E+02   7.30288E-01   1.05771E+02   5.60604E+01
 138.77   2.83949E+02   3.58176E-02   2.83748E+02   3.22040E+00
 139.27   1.11921E+02   1.36196E-01   1.09812E+02  -1.53396E+01
 139.78   2.76600E+02   4.46946E-03   2.72394E+02   4.80394E+01
 140.28   1.82289E+02  -8.39665E-01   8.27771E+01   5.43082E+01
 140.78   3.75997E+02  -8.80377E-02   7.90948E+01  -3.66090E+02
 141.28   3.62027E+02   4.96039E-01   1.71318E+02  -2.63563E+02
 141.79   2.07002E+02   4.22991E-01   1.85890E+02  -2.50550E+01
 142.29   3.64684E+02   2.85182E-01   3.23911E+02  -1.31376E+02
 142.79   1.90979E+02   6.41760E-01   1.45935E+02  -1.24203E+01
 143.30   3.83743E+02   2.23352E-01   3.34021E+02   1.68353E+02
 143.80   2.07783E+02  -8.40109E-01   8.86002E+01   6.96595E+01
 144.30   4.26025E+02  -1.23835E-01   2.23952E+02  -3.58552E+02
 144.80   2.96481E+02   3.22251E-01   1.99604E+02  -1.97309E+02
 145.31   3.04491E+02   3.99639E-01   2.65926E+02  -8.47967E+01
 145.81   4.02230E+02   2.95502E-01   3.57542E+02  -1.40802E+02
 146.31   2.30983E+02   7.47840E-01   1.51628E+02  -2.28819E+01
 146.82   5.34535E+02   4.17138E-01   4.12342E+02   2.56874E+02
 147.32   1.94823E+02  -8.46612E-01   5.71985E+01   8.64833E+01
 147.82   5.14208E+02  -6.91136E-02   3.54056E+02  -3.71202E+02
 148.32   2.67759E+02   2.81777E-01   1.91007E+02  -1.71810E+02
 148.83   3.66442E+02   4.79580E-01   3.16412E+02  -5.72623E+01
 149.33   4.04366E+02   3.37020E-01   3.71395E+02  -8.37000E+01
 149.83   2.27422E+02   6.90233E-01   1.64458E+02   5.78416E+00
 150.34   5.54207E+02   4.67009E-01   4.29331E+02   2.36289E+02
 150.84   1.55167E+02  -8.24471E-01   4.63598E+01   7.45742E+01
 151.34   5.38626E+02  -2.15825E-01   4.14125E+02  -3.24198E+02
 151.84   2.08389E+02   3.03146E-01   7.24030E+01  -1.84914E+02
 152.35   4.88324E+02   6.63311E-01   3.58247E+02   7.21216E+01
 152.85   2.89660E+02   4.44784E-01   2.51990E+02   6.16874E+01
 153.35   2.43571E+02   3.22957E-01   2.29796E+02   1.82352E+01
 153.85   4.66228E+02   4.38520E-01   3.98336E+02   1.29990E+02
 154.36   9.33893E+01  -8.95988E-01   4.14540E+01   1.22500E+00
 154.86   5.41461E+02  -2.03588E-01   4.81637E+02  -2.21483E+02
 155.36   9.61940E+01   1.54637E-01  -2.81418E+01  -9.07748E+01
 155.87   6.04367E+02   7.85675E-01   3.49408E+02   1.33057E+02
 156.37   2.61195E+02   8.57493E-01   4.94488E+01   1.24955E+02
 156.87   2.80458E+02  -5.35617E-01   2.29466E+02  -5.86234E+01
 157.37   3.06964E+02  -4.09725E-02   3.02230E+02  -5.22121E+01
 157.88   8.36425E+01   1.71332E-01   8.15054E+01  -1.21479E+01
 158.38   4.13370E+02   1.72939E-01   3.97881E+02  -8.63441E+01
 158.88   8.03661E+00   7.66208E-01  -3.50858E+00   3.78940E+00
 159.39   4.41042E+02   5.87056E-01   3.54348E+02   4.37977E+01
 159.89   1.20388E+02   9.08949E-01  -5.01907E+01  -1.54495E-02
 160.39   3.61039E+02  -7.65593E-01   2.15440E+02  -8.67904E+01
 160.89   1.77082E+02  -9.14755E-01   7.15419E+01  -3.20312E-01
 161.40   2.52193E+02   8.65492E-01   1.24387E+02   2.20663E+01
 161.90   3.37523E+02   8.35820E-01   1.77139E+02  -5.43909E+01
 162.40   1.43396E+02  -7.56328E-01   2.16020E+01  -9.12872E+01
 162.91   3.61890E+02  -5.00327E-01   3.13134E+02  -1.12903E+01
 163.41   6.47614E+01   8.01304E-01   2.83398E+01   2.64188E+01
 163.91   4.03345E+02   2.50466E-01   3.59062E+02  -1.53481E+02
 164.41   6.72660E+01   2.02700E-01   6.52133E+01  -9.27506E+00
 164.92   3.74687E+02   2.67368E-01   3.34287E+02  -1.36405E+02
 165.42   1.62677E+02   5.19789E-01   1.28051E+02  -5.40054E+01
 165.92   3.29597E+02  -2.24722E-01   2.08667E+02  -2.44145E+02
 166.42   3.11602E+02  -6.43123E-01   2.08709E+02  -1.15659E+02
 166.93   2.20545E+02   9.10652E-01   9.06896E+01   8.88343E+00
 167.43   5.25751E+02   6.28007E-01   2.84097E+02  -2.94428E+02
 167.93   1.17479E+02  -5.52999E-01  -1.95295E+01  -9.59135E+01
 168.44   6.16004E+02  -5.63248E-01   3.84375E+02  -3.33667E+02
 168.94   1.13464E+02  -6.19530E-01  -5.96670E+01   6.61261E+01
 169.44   6.86998E+02   6.78127E-01   3.71253E+02  -3.42199E+02
 169.94   2.62129E+02   5.03613E-01   2.73723E+01  -2.24800E+02
 170.45   4.62554E+02  -5.03923E-01   3.83363E+02  -1.12505E+02
 170.95   4.89844E+02  -6.14214E-01   3.48791E+02  -1.66642E+02
 171.45   3.09338E+02   8.72533E-01   1.30252E+02  -7.66447E+01
 171.96   9.54801E+02   3.91352E-01   6.39351E+02  -6.02703E+02
 172.46   5.38199E+01  -9.82884E-01   9.25490E+00   3.55726E+00
 172.96   1.09068E+03  -8.68433E-02   1.03484E+03  -3.31229E+02
 173.46   1.02397E+02  -4.92271E-01   8.68762E+01   1.99196E+01
 173.97   1.12244E+03   3.14968E-01   8.77815E+02  -6.03601E+02
 174.47   6.13434E+02   2.85144E-01   4.72564E+02  -3.49840E+02
 174.97   6.25709E+02  -4.50102E-02   5.63104E+02  -2.71353E+02
 175.47   1.27121E+03   1.13538E-01   1.18361E+03  -4.40698E+02
 175.98   2.04727E+02   5.49973E-02   8.23017E+01  -1.87117E+02
 176.48   1.95843E+03   7.61593E-02   1.64687E+03  -1.04929E+03
 176.98   8.69067E+01   9.58651E-01   2.05129E+01  -1.38170E+01
 177.49   2.22386E+03  -5.76803E-02   1.80136E+03  -1.29778E+03
 177.99   8.02854E+02   3.77547E-01   7.41354E+02  -5.55811E+01
 178.49   2.16921E+03  -2.55533E-01   1.19385E+03  -1.72422E+03
 178.99   4.90139E+03  -1.71003E-02   4.69992E+03  -1.38830E+03
 179.50   2.00402E+03   3.88041E-01  -1.10279E+02   1.84369E+03
 180.00   3.18035E+03  -0.00000E+00  -3.18035E+03   0.00000E+00
