 radius= 1.0000E+01 lambda= 5.3200E-01 x= 1.1810E+02

Qext= 2.0959E+00 Qsca= 2.0959E+00 Qabs= 0.0000E+00 <cos>= 8.2795E-01
                 Qbk = 5.1624E-03
  theta       S11           POL           S33           S34
   0.00   5.34551E+07  -0.00000E+00   5.34551E+07   0.00000E+00
   0.50   4.05983E+07   3.35334E-04   4.05981E+07  -1.16099E+05
   1.01   1.63017E+07   8.97299E-04   1.63001E+07  -2.26075E+05
   1.51   2.12325E+06  -4.60933E-03   2.12028E+06  -1.11731E+05
   2.01   1.21214E+05  -6.68958E-02   1.19518E+05   1.85070E+04
   2.51   6.06131E+05   1.31522E-02   6.06029E+05   7.72379E+03
   3.02   9.50288E+04   1.72508E-02   9.43579E+04  -1.11521E+04
   3.52   1.33260E+05  -9.75781E-03   1.32216E+05   1.65957E+04
   4.02   4.15836E+05   1.95433E-02   4.15571E+05   1.24164E+04
   4.53   2.01886E+05   2.22716E-02   2.01660E+05  -8.44220E+03
   5.03   6.06402E+03  -1.58266E-01   5.45645E+03  -2.46545E+03
   5.53   1.91574E+04   1.49474E-01   1.88341E+04   2.02061E+03
   6.03   2.15483E+04  -2.35746E-02   2.14196E+04  -2.29654E+03
   6.54   6.90977E+04  -7.44055E-02   6.87598E+04   4.48940E+03
   7.04   1.16331E+05   7.72544E-04   1.16024E+05   8.45397E+03
   7.54   5.43568E+04   5.05804E-02   5.42483E+04   2.05492E+03
   8.04   1.24248E+04   1.39633E-01   1.22875E+04   6.18792E+02
   8.55   5.04102E+04   8.96397E-02   5.01862E+04   1.45449E+03
   9.05   6.65471E+04   5.35285E-02   6.64242E+04  -1.91240E+03
   9.55   4.24193E+04  -3.71390E-02   4.23578E+04  -1.65284E+03
  10.06   1.51142E+04  -1.47604E-01   1.49216E+04   8.99013E+02
  10.56   5.08679E+03  -2.56436E-01   4.89865E+03  -4.20828E+02
  11.06   3.53381E+04  -4.34642E-02   3.53043E+04  -1.56077E+02
  11.56   6.87449E+04   5.88157E-03   6.86570E+04   3.45158E+03
  12.07   4.94719E+04   2.88403E-02   4.93049E+04   3.80375E+03
  12.57   1.46432E+04  -6.60640E-03   1.46045E+04   1.05887E+03
  13.07   2.02475E+04   4.32413E-02   2.02200E+04  -5.86537E+02
  13.58   4.41799E+04   7.32783E-02   4.40500E+04  -9.89036E+02
  14.08   4.32923E+04   4.73706E-02   4.32428E+04  -2.69971E+02
  14.58   1.97627E+04  -4.06279E-02   1.97375E+04   5.89914E+02
  15.08   9.21748E+03  -1.51321E-01   9.04220E+03  -1.12026E+03
  15.59   2.90551E+04  -3.49377E-03   2.89223E+04  -2.77254E+03
  16.09   4.61995E+04   1.24621E-02   4.61958E+04  -8.37920E+01
  16.59   3.04472E+04  -2.52746E-02   3.03173E+04   2.70157E+03
  17.09   1.19368E+04  -1.87087E-01   1.17118E+04   5.77532E+02
  17.60   2.40936E+04  -3.21567E-02   2.40141E+04  -1.79579E+03
  18.10   4.09416E+04   4.31977E-02   4.09019E+04   3.43686E+02
  18.60   3.00519E+04   3.37955E-02   2.98988E+04   2.85427E+03
  19.11   1.13824E+04  -1.25696E-01   1.12289E+04   1.19304E+03
  19.61   1.68177E+04  -3.08097E-02   1.67204E+04  -1.73012E+03
  20.11   3.34214E+04   6.88099E-02   3.33284E+04  -9.56853E+02
  20.61   2.90572E+04   5.15006E-02   2.89513E+04   1.97532E+03
  21.12   1.22270E+04  -1.30105E-01   1.20613E+04   1.22219E+03
  21.62   1.61712E+04  -5.93869E-02   1.59835E+04  -2.26135E+03
  22.12   3.32182E+04   6.22213E-02   3.31182E+04  -1.53753E+03
  22.63   2.92424E+04   3.81215E-02   2.91429E+04   2.13605E+03
  23.13   1.31446E+04  -1.59377E-01   1.29294E+04   1.10574E+03
  23.63   1.75589E+04  -5.17902E-02   1.73429E+04  -2.59050E+03
  24.13   3.08220E+04   7.13677E-02   3.07170E+04  -1.27300E+03
  24.64   2.33772E+04   2.74918E-02   2.32670E+04   2.17380E+03
  25.14   9.68069E+03  -2.30384E-01   9.41136E+03   4.09824E+02
  25.64   1.59872E+04  -2.65585E-02   1.56973E+04  -3.00104E+03
  26.15   2.63802E+04   7.08129E-02   2.62940E+04  -1.02549E+03
  26.65   1.82830E+04  -2.52228E-02   1.81561E+04   2.10043E+03
  27.15   8.87190E+03  -2.97118E-01   8.46399E+03  -3.50861E+02
  27.65   1.70907E+04  -2.56315E-02   1.68153E+04  -3.02419E+03
  28.16   2.38415E+04   4.33114E-02   2.38179E+04   2.41498E+02
  28.66   1.38445E+04  -1.12629E-01   1.35238E+04   2.51924E+03
  29.16   8.69299E+03  -3.08303E-01   8.19494E+03  -1.10826E+03
  29.66   1.93491E+04   4.96163E-03   1.92239E+04  -2.19501E+03
  30.17   2.19948E+04   2.85027E-02   2.18935E+04   2.01258E+03
  30.67   1.10658E+04  -2.05709E-01   1.06119E+04   2.15828E+03
  31.17   1.09207E+04  -1.77316E-01   1.06006E+04  -1.77191E+03
  31.68   2.02697E+04   5.10623E-02   2.02340E+04  -6.10204E+02
  32.18   1.62887E+04  -4.96208E-03   1.60500E+04   2.77702E+03
  32.68   7.69655E+03  -3.22545E-01   7.27283E+03   4.24363E+02
  33.18   1.38560E+04  -2.36069E-02   1.36628E+04  -2.28269E+03
  33.69   1.97438E+04   7.32733E-02   1.96770E+04   7.34846E+02
  34.19   1.12638E+04  -1.08907E-01   1.09552E+04   2.31360E+03
  34.69   7.28629E+03  -2.77321E-01   6.89509E+03  -1.21030E+03
  35.20   1.50679E+04   4.42051E-02   1.49568E+04  -1.70126E+03
  35.70   1.47933E+04   1.45843E-02   1.46956E+04   1.68319E+03
  36.20   7.02451E+03  -3.27089E-01   6.59870E+03   7.22320E+02
  36.70   9.99681E+03  -9.94822E-02   9.67154E+03  -2.32560E+03
  37.21   1.56845E+04   4.94603E-02   1.56647E+04  -1.38320E+02
  37.71   9.66773E+03  -1.31650E-01   9.35764E+03   2.06874E+03
  38.21   5.71575E+03  -3.91844E-01   5.16258E+03  -1.00067E+03
  38.72   1.25090E+04   2.67351E-03   1.23602E+04  -1.92350E+03
  39.22   1.32708E+04  -2.69554E-03   1.31822E+04   1.53026E+03
  39.72   6.25635E+03  -3.64090E-01   5.72828E+03   1.06773E+03
  40.22   7.83942E+03  -1.73894E-01   7.47191E+03  -1.94133E+03
  40.73   1.26775E+04   2.51596E-02   1.26733E+04  -6.64668E+01
  41.23   8.15953E+03  -1.65805E-01   7.81464E+03   1.91807E+03
  41.73   5.51567E+03  -3.93232E-01   4.98297E+03  -9.42515E+02
  42.23   1.11604E+04  -2.41769E-04   1.10594E+04  -1.49776E+03
  42.74   1.06561E+04  -8.04796E-03   1.05220E+04   1.68354E+03
  43.24   4.73725E+03  -4.43056E-01   4.17934E+03   7.54565E+02
  43.74   7.38311E+03  -1.30662E-01   7.04921E+03  -1.97189E+03
  44.25   1.14138E+04   4.87888E-02   1.13993E+04   1.49083E+02
  44.75   6.82137E+03  -1.81625E-01   6.47671E+03   1.74596E+03
  45.25   4.88136E+03  -3.70501E-01   4.42062E+03  -1.00744E+03
  45.75   9.26670E+03   2.35403E-02   9.19429E+03  -1.13538E+03
  46.26   7.99245E+03  -3.48735E-02   7.85235E+03   1.46362E+03
  46.76   4.27085E+03  -4.51408E-01   3.81011E+03   8.03864E+01
  47.26   7.45403E+03  -5.59753E-02   7.23737E+03  -1.73465E+03
  47.77   8.95989E+03   5.93640E-02   8.91830E+03   6.78658E+02
  48.27   4.44917E+03  -3.14478E-01   4.04431E+03   1.21695E+03
  48.77   4.85840E+03  -2.55333E-01   4.45088E+03  -1.50161E+03
  49.27   8.73929E+03   7.89978E-02   8.68954E+03  -6.24876E+02
  49.78   6.19112E+03  -6.47292E-02   5.94995E+03   1.66356E+03
  50.28   3.36219E+03  -5.17032E-01   2.86650E+03  -2.56109E+02
  50.78   6.37158E+03  -1.20486E-02   6.21326E+03  -1.40943E+03
  51.28   6.79858E+03   3.66699E-02   6.72046E+03   9.96983E+02
  51.79   3.59463E+03  -4.33775E-01   3.14657E+03   7.67549E+02
  52.29   4.61834E+03  -1.99768E-01   4.31483E+03  -1.36388E+03
  52.79   6.33182E+03   6.25152E-02   6.31856E+03   1.04928E+02
  53.30   3.81092E+03  -2.69148E-01   3.44298E+03   1.27161E+03
  53.80   3.39310E+03  -4.35473E-01   2.88880E+03  -9.92303E+02
  54.30   5.91989E+03   4.56577E-02   5.84559E+03  -8.95078E+02
  54.80   4.60202E+03  -5.15259E-02   4.38576E+03   1.37384E+03
  55.31   2.41654E+03  -6.89080E-01   1.75092E+03  -3.30518E+01
  55.81   4.50650E+03  -6.08657E-02   4.18416E+03  -1.65111E+03
  56.31   5.38892E+03   8.00193E-02   5.33912E+03   5.90177E+02
  56.82   2.77705E+03  -4.75963E-01   2.22269E+03   1.01221E+03
  57.32   2.84279E+03  -3.54174E-01   2.27098E+03  -1.38217E+03
  57.82   4.81573E+03   1.10996E-01   4.75944E+03  -5.03175E+02
  58.32   3.54563E+03  -1.89562E-01   3.24549E+03   1.25959E+03
  58.83   2.23144E+03  -6.43716E-01   1.60775E+03  -5.75476E+02
  59.33   3.78436E+03   5.40886E-02   3.61686E+03  -1.09443E+03
  59.83   3.75128E+03  -2.01682E-02   3.60937E+03   1.01921E+03
  60.34   2.07224E+03  -7.08095E-01   1.45401E+03   1.64152E+02
  60.84   3.03737E+03  -7.71460E-02   2.71468E+03  -1.34210E+03
  61.34   3.93612E+03   1.03451E-01   3.86893E+03   5.98833E+02
  61.84   2.08777E+03  -5.57962E-01   1.46079E+03   9.31600E+02
  62.35   2.13352E+03  -3.42061E-01   1.55227E+03  -1.26877E+03
  62.85   4.00219E+03   1.56315E-01   3.94787E+03  -2.01234E+02
  63.35   2.68639E+03  -2.02970E-01   2.19133E+03   1.45515E+03
  63.85   1.32404E+03  -8.18821E-01   4.87309E+02  -5.83291E+02
  64.36   3.32767E+03   1.14551E-01   3.12515E+03  -1.07775E+03
  64.86   3.39015E+03   2.35865E-02   3.18273E+03   1.16488E+03
  65.36   1.20667E+03  -8.88962E-01   4.02374E+02   3.78809E+02
  65.87   2.20850E+03  -7.52405E-02   1.76191E+03  -1.32119E+03
  66.37   3.41458E+03   1.09771E-01   3.38271E+03   2.75924E+02
  66.87   1.56167E+03  -4.65300E-01   1.05665E+03   8.91228E+02
  67.37   1.40792E+03  -4.79776E-01   8.62431E+02  -8.84403E+02
  67.88   2.82682E+03   8.46767E-02   2.78149E+03  -4.43782E+02
  68.38   1.77501E+03  -1.60349E-01   1.53548E+03   8.43789E+02
  68.88   1.10490E+03  -8.07689E-01   5.84015E+02  -2.88654E+02
  69.39   2.21768E+03  -6.80530E-02   2.08432E+03  -7.42255E+02
  69.89   1.71721E+03   5.04966E-03   1.62841E+03   5.44998E+02
  70.39   9.81692E+02  -8.51121E-01   4.86592E+02   1.69771E+02
  70.89   1.79161E+03  -3.11023E-01   1.49755E+03  -8.10376E+02
  71.40   1.61019E+03   7.93777E-02   1.60097E+03   1.15211E+02
  71.90   9.14365E+02  -6.46653E-01   4.99516E+02   4.86764E+02
  72.40   1.41939E+03  -6.06057E-01   9.10371E+02  -6.67753E+02
  72.91   1.49608E+03   7.41295E-02   1.43701E+03  -4.01202E+02
  73.41   9.96766E+02  -1.92135E-01   7.49744E+02   6.28290E+02
  73.91   1.09314E+03  -8.94907E-01   4.59610E+02  -1.63473E+02
  74.41   1.22392E+03  -6.37693E-02   9.69023E+02  -7.43568E+02
  74.92   1.21925E+03   2.13600E-01   1.09587E+03   4.66702E+02
  75.42   1.04750E+03  -7.36414E-01   4.32478E+02   5.61403E+02
  75.92   7.90464E+02  -4.97155E-01   3.06063E+02  -6.13778E+02
  76.42   1.29451E+03   3.79240E-01   1.19774E+03   1.32629E+01
  76.93   1.36766E+03  -1.74253E-01   8.83400E+02   1.01651E+03
  77.43   5.44378E+02  -9.61847E-01  -1.38171E+02  -5.55901E+01
  77.93   1.08637E+03   3.69805E-01   8.86264E+02  -4.83052E+02
  78.44   1.71328E+03   1.88177E-01   1.46847E+03   8.21566E+02
  78.94   6.25967E+02  -4.96444E-01  -5.97980E+01   5.40082E+02
  79.44   7.81242E+02   2.20808E-01   3.41057E+02  -6.81368E+02
  79.94   1.83311E+03   3.62698E-01   1.70446E+03   1.14347E+02
  80.45   8.64484E+02   1.49217E-01   3.94054E+02   7.58560E+02
  80.95   4.81886E+02  -1.79328E-01  -1.02686E+02  -4.62820E+02
  81.45   1.60879E+03   3.57674E-01   1.38720E+03  -5.76878E+02
  81.96   1.06991E+03   5.18770E-01   7.65223E+02   5.01071E+02
  82.46   3.38250E+02  -5.74739E-01  -2.74790E+02  -3.33212E+01
  82.96   1.10650E+03   5.89202E-02   7.25035E+02  -8.33318E+02
  83.46   9.76657E+02   6.21899E-01   7.64732E+02  -1.14403E+01
  83.97   3.67627E+02  -2.37968E-01  -1.71388E+02   3.13245E+02
  84.47   7.05005E+02  -5.99096E-01   1.44911E+02  -5.45564E+02
  84.97   6.67209E+02   4.73427E-01   4.24667E+02  -4.06263E+02
  85.47   4.27586E+02   2.87226E-01   8.79947E+01   4.00005E+02
  85.98   5.66061E+02  -9.87983E-01   1.99475E+01   8.51893E+01
  86.48   3.82806E+02  -1.11263E-01   2.45659E+01  -3.79635E+02
  86.98   5.12978E+02   7.06552E-01   2.60126E+02   2.53208E+02
  87.49   7.33881E+02  -2.88990E-01   3.04035E+02   6.33375E+02
  87.99   2.60863E+02  -8.05685E-01  -1.53639E+02   1.64843E+01
  88.49   5.23490E+02   8.68584E-01   2.59092E+02  -1.28614E+01
  88.99   1.07658E+03   3.86263E-01   6.99923E+02   7.04420E+02
  89.50   4.45411E+02   8.05424E-02  -7.80125E+01   4.37056E+02
  90.00   5.08998E+02   8.51709E-01   9.15577E+01  -2.50516E+02
  90.50   1.32116E+03   6.93631E-01   9.24139E+02   2.27271E+02
  91.01   7.57962E+02   6.81865E-01   1.64284E+02   5.29533E+02
  91.51   4.93268E+02   7.24650E-01  -1.38533E+02  -3.10409E+02
  92.01   1.35496E+03   7.60023E-01   7.80128E+02  -4.08450E+02
  92.51   1.01281E+03   9.16699E-01   3.31702E+02   2.31847E+02
  93.02   4.23122E+02   5.60875E-01  -2.80302E+02  -2.10103E+02
  93.52   1.04928E+03   5.84661E-01   4.34315E+02  -7.32131E+02
  94.02   9.96559E+02   9.29806E-01   3.21276E+02  -1.76949E+02
  94.53   3.61493E+02   5.06078E-01  -3.03534E+02  -7.12464E+01
  95.03   6.20397E+02   8.15630E-02   1.37771E+02  -6.02786E+02
  95.53   6.61650E+02   7.28104E-01   2.41676E+02  -3.83784E+02
  96.03   2.08004E+02   5.59080E-01  -1.72092E+02   1.12403E+01
  96.54   2.99716E+02  -6.81705E-01   7.82802E+01  -2.04832E+02
  97.04   3.19730E+02   1.71223E-01   1.82904E+02  -2.56469E+02
  97.54   6.19003E+01   7.58336E-01  -3.91034E+01   9.95445E+00
  98.04   1.99077E+02  -3.14597E-01   1.69293E+02   8.39599E+01
  98.55   1.99608E+02  -2.90345E-02   1.93922E+02   4.69481E+01
  99.05   5.15638E+00  -3.09357E-01  -4.25760E+00  -2.43240E+00
  99.55   2.67028E+02   7.51461E-01   1.74467E+02   2.44987E+01
 100.06   3.82824E+02   7.95305E-01   1.48476E+02   1.78359E+02
 100.56   1.34479E+02   4.96830E-01  -1.06425E+02   4.78992E+01
 101.06   3.30181E+02   8.02336E-01   1.68660E+01  -1.96353E+02
 101.56   5.89989E+02   9.98729E-01   2.91399E+01   5.95461E+00
 102.07   3.44913E+02   6.87009E-01  -2.22000E+02   1.16327E+02
 102.57   2.98075E+02   3.44523E-01  -1.70570E+02  -2.21831E+02
 103.07   5.69151E+02   9.06989E-01  -1.01652E+02  -2.17080E+02
 103.58   4.74790E+02   8.12741E-01  -2.59119E+02   9.68422E+01
 104.08   2.24561E+02  -1.08741E-01  -2.21943E+02  -2.39311E+01
 104.58   2.71439E+02   4.93727E-01  -9.45382E+01  -2.16289E+02
 105.08   3.27467E+02   8.96241E-01  -1.44826E+02  -1.11415E+01
 105.59   1.93512E+02   2.63886E-01  -1.44557E+02   1.18080E+02
 106.09   8.58398E+01  -7.42775E-01  -5.26333E+01  -2.30849E+01
 106.59   9.91326E+01   6.50766E-01  -3.31847E+01  -6.75591E+01
 107.09   1.47981E+02   9.10573E-01  -4.14332E+01   4.49976E+01
 107.60   1.26254E+02   4.94204E-01  -4.04709E+01   1.02025E+02
 108.10   5.26487E+01  -4.77611E-01  -4.23900E+01   1.85116E+01
 108.60   1.01488E+02   6.76046E-01  -4.11566E+01  -6.24380E+01
 109.11   2.35793E+02   9.16875E-01  -9.05812E+01   2.55753E+01
 109.61   2.16463E+02   5.44916E-01  -1.47356E+02   1.05967E+02
 110.11   1.20583E+02  -5.89015E-02  -1.19664E+02  -1.30472E+01
 110.61   1.78787E+02   7.01244E-01  -9.86483E+01  -8.07146E+01
 111.12   2.63957E+02   8.05825E-01  -1.49581E+02   4.53466E+01
 111.62   1.92107E+02   3.46903E-01  -1.60553E+02   8.17725E+01
 112.12   1.12504E+02   2.36081E-02  -1.06779E+02  -3.53315E+01
 112.63   1.58970E+02   7.44147E-01  -9.24991E+01  -5.21645E+01
 113.13   2.00005E+02   7.47941E-01  -1.25088E+02   4.44676E+01
 113.63   1.40147E+02   2.94496E-01  -1.21170E+02   5.70584E+01
 114.13   7.99213E+01  -4.26169E-02  -7.64940E+01  -2.29017E+01
 114.64   1.09473E+02   6.86645E-01  -6.95119E+01  -3.87554E+01
 115.14   1.67391E+02   6.85004E-01  -1.16670E+02   3.54970E+01
 115.64   1.57753E+02   2.80540E-01  -1.41151E+02   5.48071E+01
 116.15   1.14898E+02   9.60811E-02  -1.13247E+02  -1.59608E+01
 116.65   1.33317E+02   6.16940E-01  -1.00611E+02  -2.97686E+01
 117.15   1.80025E+02   6.34128E-01  -1.33808E+02   3.83684E+01
 117.65   1.63190E+02   3.16598E-01  -1.48328E+02   4.42786E+01
 118.16   1.17578E+02   2.31120E-01  -1.12699E+02  -1.96208E+01
 118.66   1.24654E+02   6.36551E-01  -9.30083E+01  -2.43286E+01
 119.16   1.57587E+02   5.83363E-01  -1.25462E+02   2.53290E+01
 119.66   1.53176E+02   2.59748E-01  -1.46434E+02   2.09015E+01
 120.17   1.23555E+02   1.91949E-01  -1.18157E+02  -2.72458E+01
 120.67   1.14264E+02   5.19768E-01  -9.45570E+01  -2.42475E+01
 121.17   1.26730E+02   4.71503E-01  -1.09613E+02   2.17932E+01
 121.68   1.28220E+02   1.44591E-01  -1.24677E+02   2.35004E+01
 122.18   1.15168E+02   1.47659E-01  -1.12838E+02  -1.55634E+01
 122.68   1.18688E+02   5.03462E-01  -1.01896E+02  -1.15496E+01
 123.18   1.40136E+02   4.78799E-01  -1.18267E+02   3.38946E+01
 123.69   1.46942E+02   2.04484E-01  -1.39997E+02   3.30164E+01
 124.19   1.39697E+02   2.11892E-01  -1.35566E+02  -1.61511E+01
 124.69   1.45034E+02   5.27711E-01  -1.21443E+02  -2.06996E+01
 125.20   1.51767E+02   5.36943E-01  -1.25690E+02   2.43869E+01
 125.70   1.35739E+02   2.22321E-01  -1.29846E+02   2.55811E+01
 126.20   1.18469E+02   1.33665E-01  -1.15061E+02  -2.33467E+01
 126.70   1.26841E+02   4.57889E-01  -1.07572E+02  -3.38185E+01
 127.21   1.39897E+02   5.03775E-01  -1.20560E+02   8.33732E+00
 127.71   1.29459E+02   1.87305E-01  -1.23975E+02   2.83200E+01
 128.21   1.08420E+02  -6.93028E-02  -1.08095E+02  -3.73333E+00
 128.72   1.11901E+02   2.06909E-01  -1.05718E+02  -2.84521E+01
 129.22   1.43697E+02   4.47821E-01  -1.28406E+02   4.45737E+00
 129.72   1.56310E+02   3.18592E-01  -1.40816E+02   4.60867E+01
 130.22   1.26665E+02   8.27943E-02  -1.23156E+02   2.76909E+01
 130.73   1.11996E+02   2.05378E-01  -1.08733E+02  -1.38264E+01
 131.23   1.45456E+02   4.96739E-01  -1.25920E+02  -9.00220E+00
 131.73   1.66483E+02   4.62354E-01  -1.46393E+02   1.89911E+01
 132.23   1.36290E+02   2.29634E-01  -1.31843E+02   1.45882E+01
 132.74   1.02556E+02   5.17434E-02  -1.01120E+02  -1.62567E+01
 133.24   1.10624E+02   2.16527E-01  -1.03683E+02  -3.02275E+01
 133.74   1.43237E+02   2.94950E-01  -1.36724E+02  -6.20820E+00
 134.25   1.51810E+02   1.87866E-01  -1.46975E+02   2.51236E+01
 134.75   1.24520E+02   5.61279E-02  -1.22269E+02   2.25079E+01
 135.25   1.09849E+02   1.35288E-01  -1.08793E+02   3.14523E+00
 135.75   1.34073E+02   3.40746E-01  -1.25981E+02   4.14928E+00
 136.26   1.52264E+02   3.80185E-01  -1.40245E+02   1.28303E+01
 136.76   1.33752E+02   2.91924E-01  -1.27840E+02   4.69439E+00
 137.26   1.10025E+02   1.80887E-01  -1.07485E+02  -1.25036E+01
 137.77   1.12228E+02   1.60964E-01  -1.08895E+02  -2.02653E+01
 138.27   1.32852E+02   1.42358E-01  -1.31176E+02  -9.21253E+00
 138.77   1.46402E+02   8.82801E-02  -1.45500E+02   9.80951E+00
 139.27   1.41514E+02   8.21470E-02  -1.40136E+02   1.59035E+01
 139.78   1.34339E+02   1.91333E-01  -1.31206E+02   1.30800E+01
 140.28   1.36058E+02   3.17302E-01  -1.28157E+02   1.49547E+01
 140.78   1.32391E+02   3.28020E-01  -1.24660E+02   1.00774E+01
 141.28   1.19362E+02   2.49765E-01  -1.15008E+02  -1.14747E+01
 141.79   1.10809E+02   1.79044E-01  -1.04295E+02  -3.17420E+01
 142.29   1.09780E+02   1.32049E-01  -1.05189E+02  -2.78697E+01
 142.79   1.17324E+02   1.99611E-02  -1.17296E+02   1.12142E+00
 143.30   1.36757E+02  -1.22910E-01  -1.32970E+02   2.71813E+01
 143.80   1.56460E+02  -8.45807E-02  -1.54172E+02   2.31441E+01
 144.30   1.64906E+02   2.19723E-01  -1.60650E+02   8.52985E+00
 144.80   1.54218E+02   5.11085E-01  -1.31200E+02   1.89039E+01
 145.31   1.22706E+02   4.45623E-01  -1.05671E+02   3.00063E+01
 145.81   1.10874E+02   6.83453E-02  -1.09962E+02  -1.20058E+01
 146.31   1.40170E+02  -5.16849E-02  -1.12931E+02  -8.27150E+01
 146.82   1.46665E+02   2.74506E-02  -1.17711E+02  -8.73995E+01
 147.32   1.08424E+02   3.10992E-01  -1.03042E+02   1.05585E+00
 147.82   8.98036E+01   7.84830E-02  -2.93099E+01   8.45928E+01
 148.32   1.32570E+02  -8.15156E-01  -5.48407E+01   5.37510E+01
 148.83   2.89890E+02  -1.64935E-01  -2.71423E+02  -8.98873E+01
 149.33   4.98749E+02   5.40434E-01  -3.56729E+02  -2.21003E+02
 149.83   4.41262E+02   8.35594E-01  -1.58448E+02  -1.83454E+02
 150.34   1.41236E+02   9.66805E-01   1.57678E+01  -3.24610E+01
 150.84   1.58027E+02   2.32576E-01   8.78622E+01  -1.26103E+02
 151.34   5.90529E+02   8.86719E-02   1.41254E+01  -5.88033E+02
 151.84   1.07846E+03   1.82745E-01  -5.37636E+02  -9.13886E+02
 152.35   1.60630E+03   6.20184E-01  -1.00173E+03  -7.64412E+02
 152.85   1.81124E+03   9.18655E-01  -4.38219E+02  -5.65665E+02
 153.35   1.28117E+03   8.27118E-01   2.42506E+02  -6.77987E+02
 153.85   1.34680E+03   5.68625E-01  -1.41618E+02  -1.09879E+03
 154.36   3.02683E+03   7.05573E-01  -7.71168E+02  -2.00150E+03
 154.86   4.47979E+03   7.20031E-01  -1.26456E+03  -2.83989E+03
 155.36   4.64953E+03   7.51732E-01  -2.06985E+03  -2.26217E+03
 155.87   4.93622E+03   9.19640E-01  -1.74933E+03  -8.35857E+02
 156.37   4.92969E+03   9.88662E-01  -4.24185E+01  -7.39026E+02
 156.87   3.95857E+03   9.09046E-01   1.86018E+02  -1.63900E+03
 157.37   4.63055E+03   9.13807E-01  -1.10374E+03  -1.52275E+03
 157.88   6.86620E+03   9.72741E-01  -1.42815E+03  -7.03981E+02
 158.38   6.61631E+03   9.74732E-01  -1.47736E+03   4.11463E+01
 158.88   4.66971E+03   8.72993E-01  -1.57145E+03   1.64860E+03
 159.39   4.20008E+03   6.21043E-01  -6.64225E+01   3.29125E+03
 159.89   3.22640E+03   4.18166E-01   1.13975E+03   2.70006E+03
 160.39   1.26288E+03   1.21545E-01   7.00816E+02   1.03930E+03
 160.89   1.45972E+03  -7.76529E-02   1.14284E+03   9.01021E+02
 161.40   2.12188E+03  -3.30511E-01   1.45582E+03   1.37519E+03
 161.90   1.40581E+03  -9.77481E-01   1.02426E+02   2.78417E+02
 162.40   2.36860E+03  -4.44821E-01   1.77959E+02  -2.11388E+03
 162.91   3.92789E+03  -1.72033E-01   5.99418E+02  -3.82262E+03
 163.41   3.56486E+03   2.27007E-01  -1.21118E+03  -3.25367E+03
 163.91   4.29050E+03   9.37575E-01  -1.02491E+03  -1.08448E+03
 164.41   5.00481E+03   9.74445E-01   1.06918E+03   3.47433E+02
 164.92   2.60402E+03   9.29331E-01   5.50739E+02   7.88180E+02
 165.42   1.90038E+03   3.00407E-01   7.65294E+02   1.64312E+03
 165.92   3.32138E+03   1.73743E-02   2.49230E+03   2.19469E+03
 166.42   1.76427E+03  -2.13459E-01   1.14995E+03   1.28392E+03
 166.93   1.30867E+03  -8.44189E-01   7.00900E+02   2.91629E+01
 167.43   3.59854E+03  -7.16185E-01   2.40927E+03  -7.09115E+02
 167.93   2.81076E+03  -8.37224E-01   4.17420E+02  -1.47933E+03
 168.44   2.73803E+03   4.95941E-01  -5.79729E+02  -2.30582E+03
 168.94   5.40227E+03   7.95709E-01   2.05605E+03  -2.54536E+03
 169.44   3.72288E+03   9.38394E-01   6.15743E+02  -1.12957E+03
 169.94   2.51354E+03   2.93278E-01  -6.95214E+02   2.30025E+03
 170.45   5.72442E+03  -3.75749E-01   2.21192E+03   4.82181E+03
 170.95   4.22678E+03  -6.89512E-01   6.55228E+02   2.99040E+03
 171.45   2.32224E+03  -5.40102E-01  -8.35382E+02  -1.76686E+03
 171.96   5.91085E+03  -4.67622E-02   3.24920E+03  -4.92996E+03
 172.46   4.30738E+03   6.46038E-02   1.90851E+03  -3.85145E+03
 172.96   1.75924E+03   9.34170E-01  -3.48741E+02   5.21961E+02
 173.46   6.37347E+03   2.66234E-01   4.69120E+03   3.96667E+03
 173.97   4.77303E+03   1.34235E-01   3.50133E+03   3.17994E+03
 174.47   1.05972E+03  -9.85007E-01  -4.42698E+01   1.77374E+02
 174.97   7.40442E+03  -5.29049E-01   6.09235E+03  -1.53735E+03
 175.47   6.56489E+03  -5.51652E-01   5.24482E+03  -1.57293E+03
 175.98   6.90362E+02   6.30397E-01  -9.28603E+01  -5.27802E+02
 176.48   9.13610E+03   2.53399E-01   8.80807E+03   7.25708E+02
 176.98   1.05250E+04   2.22127E-01   1.02408E+04   6.59773E+02
 177.49   6.42743E+02   7.15761E-01  -1.68515E+02   4.16023E+02
 177.99   1.35624E+04  -4.74122E-01   1.17791E+04   1.96058E+03
 178.49   3.04617E+04  -3.12220E-01   2.87681E+04   3.13888E+03
 178.99   1.76235E+04  -1.93469E-01   1.71842E+04   1.91476E+03
 179.50   1.99985E+03   2.67663E-01   1.88727E+03   3.88732E+02
 180.00   2.26225E+02  -0.00000E+00  -2.26225E+02   0.00000E+00
